%YAML:1.0
---
R: !!opencv-matrix
   rows: 3
   cols: 3
   dt: d
   data: [ 9.9957073483162895e-01, 1.4997371748457009e-02,
       -2.5167934138419244e-02, -1.5196836682180659e-02,
       9.9985446386751453e-01, -7.7528858536871836e-03,
       2.5047998383350985e-02, 8.1320307945652818e-03,
       9.9965317378185914e-01 ]
T: !!opencv-matrix
   rows: 3
   cols: 1
   dt: d
   data: [ -8.1238801974094002e+01, -5.4073418952894814e+00,
       -5.1899313381964403e+00 ]
R1: !!opencv-matrix
   rows: 3
   cols: 3
   dt: d
   data: [ 9.9592988082538669e-01, 8.1721217900679474e-02,
       3.8017299009277153e-02, -8.1594784140867557e-02,
       9.9665369774407531e-01, -4.8680564978846536e-03,
       -3.8287905141654699e-02, 1.7462296215087257e-03,
       9.9926522355277259e-01 ]
R2: !!opencv-matrix
   rows: 3
   cols: 3
   dt: d
   data: [ 9.9577114942441569e-01, 6.6279596985198239e-02,
       6.3614723118611716e-02, -6.6490053407257388e-02,
       9.9778637271454185e-01, 1.1946644120598379e-03,
       -6.3394721955995603e-02, -5.4193586924176518e-03,
       9.9797381718133504e-01 ]
P1: !!opencv-matrix
   rows: 3
   cols: 4
   dt: d
   data: [ 6.5940154198487767e+02, 0., 2.7386285209655762e+02, 0., 0.,
       6.5940154198487767e+02, 2.4208214378356934e+02, 0., 0., 0., 1.,
       0. ]
P2: !!opencv-matrix
   rows: 3
   cols: 4
   dt: d
   data: [ 6.5940154198487767e+02, 0., 2.7386285209655762e+02,
       -5.3796488602512843e+04, 0., 6.5940154198487767e+02,
       2.4208214378356934e+02, 0., 0., 0., 1., 0. ]
Q: !!opencv-matrix
   rows: 4
   cols: 4
   dt: d
   data: [ 1., 0., 0., -2.7386285209655762e+02, 0., 1., 0.,
       -2.4208214378356934e+02, 0., 0., 0., 6.5940154198487767e+02, 0.,
       0., 1.2257334244564001e-02, 0. ]
