%YAML:1.0
---
M1: !!opencv-matrix
   rows: 3
   cols: 3
   dt: d
   data: [ 7.6806898309213341e+02, 0., 3.2064179209446758e+02, 0.,
       7.6662815577883896e+02, 2.3781691465375300e+02, 0., 0., 1. ]
D1: !!opencv-matrix
   rows: 1
   cols: 14
   dt: d
   data: [ 2.2264227623558505e-01, -2.0812658460631148e+00, 0., 0., 0.,
       0., 0., -9.4470416860745345e+00, 0., 0., 0., 0., 0., 0. ]
M2: !!opencv-matrix
   rows: 3
   cols: 3
   dt: d
   data: [ 7.6806898309213341e+02, 0., 3.1827851924212172e+02, 0.,
       7.6662815577883896e+02, 2.4202342237360966e+02, 0., 0., 1. ]
D2: !!opencv-matrix
   rows: 1
   cols: 14
   dt: d
   data: [ -4.5510662328640067e-02, 5.2180776724157674e-01, 0., 0., 0.,
       0., 0., 2.9312784099972982e+00, 0., 0., 0., 0., 0., 0. ]
